105 105 105 105 105 105 105 105 105 105 105 105 105 105 105 105 105 105 105 105 105 105 105 105 105 105 105 105 105 105 105 105 105 105 105 105 105 105 105 105 105 105 105 105 105 105 105 105 105 105 105 105 105 105 105 105 105 105 105 105 105 105 105 105 105 105 105 105 105 105 105 105 105 105 105 105 105 105 105 105 105 105 105 105 105 105 105 105 105 105 105 105 105 105 105 105 105 105 105 105 
105 105 105 105 105 105 105 105 105 105 105 105 105 105 105 105 105 105 105 105 105 105 105 105 105 105 105 105 105 105 105 105 105 105 105 105 105 105 105 105 105 105 105 105 105 105 105 105 105 105 105 105 105 105 105 105 105 105 105 105 105 105 105 105 105 105 105 105 105 105 105 105 105 105 105 105 105 105 105 105 105 105 105 105 105 105 105 105 105 105 105 105 105 105 105 105 105 105 105 105 
105 105 105 105 105 105 105 105 105 105 105 105 105 105 105 105 105 105 105 105 105 105 105 105 105 105 105 105 105 105 105 105 105 105 105 105 105 105 105 105 105 105 105 105 105 105 105 105 105 105 105 105 105 105 105 105 105 105 105 105 105 105 105 105 105 105 105 105 105 105 105 105 105 105 105 105 105 105 105 105 105 105 105 105 105 105 105 105 105 105 105 105 105 105 105 105 105 105 105 105 
105 105 105 105 105 105 105 105 105 105 105 105 105 105 105 105 105 105 105 105 105 105 105 105 105 105 105 105 105 105 105 105 105 105 105 105 105 105 105 105 105 105 105 105 105 105 105 105 105 105 105 105 105 105 105 105 105 105 105 105 105 105 105 105 105 105 105 105 105 105 105 105 105 105 105 105 105 105 105 105 105 105 105 105 105 105 105 105 105 105 105 105 105 105 105 105 105 105 105 105 
105 105 105 105 105 105 105 105 105 105 105 105 105 105 105 105 105 105 105 105 105 105 105 105 105 105 105 105 105 105 105 105 105 105 105 105 105 105 105 105 105 105 105 105 105 105 105 105 105 105 105 105 105 105 105 105 105 105 105 105 105 105 105 105 105 105 105 105 105 105 105 105 105 105 105 105 105 105 105 105 105 105 105 105 105 105 105 105 105 105 105 105 105 105 105 105 105 105 105 105 
105 105 105 105 105 105 105 105 105 105 105 105 105 105 105 105 105 105 105 105 105 105 105 105 105 105 105 105 105 105 105 105 105 105 105 105 105 105 105 105 105 105 105 105 105 105 105 105 105 105 105 105 105 105 105 105 105 105 105 105 105 105 105 105 105 105 105 105 105 105 105 105 105 105 105 105 105 105 105 105 105 105 105 105 105 105 105 105 105 105 105 105 105 105 105 105 105 105 105 105 
105 105 105 105 105 105 105 105 105 105 105 105 105 105 105 105 105 105 105 105 105 105 105 105 105 105 105 105 105 105 105 105 105 105 105 105 105 105 105 105 105 105 105 105 105 105 105 105 105 105 105 105 105 105 105 105 105 105 105 105 105 105 105 105 105 105 105 105 105 105 105 105 105 105 105 105 105 105 105 105 105 105 105 105 105 105 105 105 105 105 105 105 105 105 105 105 105 105 105 105 
105 105 105 105 105 105 105 105 105 105 105 105 105 105 105 105 105 105 105 105 105 105 105 105 105 105 105 105 105 105 105 105 105 105 105 105 105 105 105 105 105 105 105 105 105 105 105 105 105 105 105 105 105 105 105 105 105 105 105 105 105 105 105 105 105 105 105 105 105 105 105 105 105 105 105 105 105 105 105 105 105 105 105 105 105 105 105 105 105 105 105 105 105 105 105 105 105 105 105 105 
105 105 105 105 105 105 105 105 105 105 105 105 105 105 105 105 105 105 105 105 105 105 105 105 105 105 105 105 105 105 105 105 105 105 105 105 105 105 105 105 105 105 105 105 105 105 105 105 105 105 105 105 105 105 105 105 105 105 105 105 105 105 105 105 105 105 105 105 105 105 105 105 105 105 105 105 105 105 105 105 105 105 105 105 105 105 105 105 105 105 105 105 105 105 105 105 105 105 105 105 
105 105 105 105 105 105 105 105 105 105 105 105 105 105 105 105 105 105 105 105 105 105 105 105 105 105 105 105 105 105 105 105 105 105 105 105 105 105 105 105 105 105 105 105 105 105 105 105 105 105 105 105 105 105 105 105 105 105 105 105 105 105 105 105 105 105 105 105 105 105 105 105 105 105 105 105 105 105 105 105 105 105 105 105 105 105 105 105 105 105 105 105 105 105 105 105 105 105 105 105 
105 105 105 105 105 105 105 105 105 105 105 105 105 105 105 105 105 105 105 105 105 105 105 105 105 105 105 105 129 130 105 105 105 105 105 105 105 105 105 105 105 105 84 105 105 105 105 105 105 105 105 105 105 105 105 105 105 105 105 105 105 105 105 105 105 105 105 105 105 105 105 105 105 105 105 105 105 105 105 105 105 105 105 105 105 105 105 105 105 105 105 105 105 105 105 105 105 105 105 105 
105 105 105 105 105 105 105 105 105 105 105 105 105 105 106 84 105 105 105 105 129 130 130 123 130 129 130 137 138 1 136 137 125 126 128 105 105 105 105 105 105 105 105 105 105 105 105 129 127 130 123 130 123 128 105 105 105 105 105 105 105 105 105 105 105 105 105 105 105 105 105 105 105 105 105 105 105 105 105 105 105 105 105 105 105 105 105 105 105 105 105 105 105 105 105 105 105 105 105 105 
105 105 105 105 105 105 105 105 105 105 105 105 105 105 105 105 105 105 129 137 138 1 1 1 1 1 1 1 114 1 1 1 1 1 136 128 105 105 105 105 105 105 105 105 129 130 137 138 1 1 1 1 1 136 128 105 105 105 105 105 105 105 105 85 105 105 105 105 105 105 105 105 105 105 105 105 105 105 105 105 105 105 105 105 105 105 105 105 105 105 105 105 105 105 105 105 105 105 105 105 
105 105 105 105 105 105 105 105 105 105 105 105 105 105 105 105 129 137 138 1 1 1 1 1 1 1 1 114 1 1 1 1 1 1 1 136 123 127 130 123 128 105 129 137 138 1 1 1 1 1 1 1 1 1 136 128 105 105 105 105 105 105 105 86 105 105 105 105 105 105 105 105 105 105 105 105 105 105 105 105 105 105 105 105 105 105 105 105 105 105 105 105 105 105 105 105 105 105 105 105 
105 105 105 105 106 105 105 105 105 105 105 105 105 105 105 137 138 1 1 114 1 253 254 255 256 1 1 114 114 1 261 262 1 1 1 1 135 1 1 1 136 137 138 1 1 1 1 1 1 1 251 1 1 1 1 136 128 105 105 105 105 105 105 105 105 105 105 105 105 105 105 105 105 105 105 105 105 105 129 128 105 105 105 105 105 105 105 105 105 105 105 105 105 105 105 105 105 105 105 105 
105 105 105 105 105 105 105 105 105 105 105 105 123 124 125 133 1 1 1 1 1 257 258 259 260 1 1 114 1 263 264 265 266 1 1 1 1 1 1 1 1 1 1 1 1 1 1 119 120 1 1 1 1 1 1 1 136 128 105 105 105 105 105 105 105 105 105 105 105 105 105 105 105 105 105 129 127 137 138 136 128 105 105 105 105 105 105 105 105 105 105 105 105 105 105 105 105 105 105 105 
105 105 105 105 105 105 105 105 105 105 105 131 133 1 1 1 1 1 1 1 253 254 255 256 1 1 1 1 1 267 268 269 270 1 1 1 1 1 1 1 1 1 1 1 1 1 1 121 122 1 1 1 1 1 1 1 1 136 127 137 125 126 127 128 105 129 130 105 105 105 105 105 105 129 124 138 134 1 1 1 136 128 105 105 105 105 105 105 105 105 105 105 105 105 105 105 105 105 105 105 
105 105 105 105 105 105 105 105 105 105 105 141 1 1 1 114 1 115 116 1 257 258 259 260 115 116 1 1 1 271 272 273 274 251 1 1 1 109 1 1 1 1 1 1 1 52 1 1 1 236 1 1 1 1 1 1 114 1 1 1 1 1 1 136 137 138 139 140 105 105 106 129 124 138 1 1 279 280 281 114 134 136 127 128 105 105 105 105 105 105 105 105 105 105 105 105 105 105 105 105 
105 105 105 105 105 105 105 105 105 105 105 141 1 1 1 1 1 117 118 1 115 116 1 1 117 118 1 1 53 275 276 277 278 234 8 8 8 8 8 8 228 1 1 1 1 1 1 1 1 1 1 1 1 1 1 1 1 1 1 1 1 177 1 1 1 1 57 150 105 106 219 138 1 239 1 1 282 283 284 1 175 1 1 136 128 105 106 105 105 105 105 105 105 105 105 105 105 105 105 105 
105 105 105 105 105 105 105 105 105 105 105 141 1 1 1 1 1 53 1 1 117 118 1 1 1 1 1 1 1 1 1 1 1 231 3 3 3 3 4 48 7 8 8 8 8 8 227 227 227 227 227 228 1 114 1 1 1 1 238 1 1 1 1 1 1 148 149 150 105 219 138 1 237 1 171 113 285 286 287 245 1 1 1 1 136 130 105 105 105 105 105 105 105 105 105 105 105 105 105 105 
105 105 105 105 105 105 105 105 105 105 105 141 1 1 1 1 1 1 1 1 1 115 116 1 1 1 1 1 1 1 234 228 1 1 1 1 1 1 229 48 48 48 48 48 48 48 48 13 48 48 49 5 1 1 1 1 237 1 1 1 1 1 1 1 143 159 153 222 105 220 1 1 1 170 171 1 288 289 290 251 172 1 1 1 1 139 140 105 105 105 105 105 105 105 105 105 105 105 105 105 
105 105 105 105 105 105 105 105 105 105 105 141 148 143 144 145 1 1 115 116 1 117 118 115 116 1 1 1 1 1 231 233 1 1 1 1 1 1 231 232 232 232 232 232 232 4 48 48 48 48 48 7 8 228 1 1 1 1 1 1 112 1 221 159 153 168 105 105 105 220 114 253 254 255 256 114 291 292 293 114 1 238 1 1 143 159 209 105 105 105 105 105 105 105 105 105 105 105 105 105 
105 105 105 105 105 105 105 105 105 105 105 151 152 153 154 155 157 1 117 118 1 1 1 117 118 1 1 1 1 119 120 1 1 1 1 234 227 227 227 227 228 1 1 1 1 231 232 232 232 4 48 48 48 5 175 1 1 109 1 1 1 1 210 150 106 105 105 105 105 220 1 257 258 259 260 1 1 173 1 114 114 114 143 159 153 168 105 105 105 105 105 105 105 105 105 105 105 105 105 105 
105 105 105 105 105 105 105 105 105 105 105 105 162 163 105 164 166 157 158 145 1 1 1 1 1 1 1 1 1 121 122 1 1 1 1 229 48 48 48 48 7 8 228 1 1 1 1 112 1 6 48 13 48 5 1 176 1 1 1 1 1 1 210 150 105 105 84 105 219 138 1 1 1 1 114 1 1 1 1 114 108 159 153 168 105 88 86 105 105 105 105 105 106 105 105 105 105 105 105 105 
105 105 105 105 105 105 105 105 105 105 105 105 105 105 105 105 105 166 167 213 1 1 1 1 240 1 50 1 1 1 1 1 1 1 1 229 48 48 48 48 13 48 5 1 1 115 116 1 1 6 48 49 49 5 1 1 1 1 1 1 1 143 159 161 105 215 127 137 138 1 1 251 1 114 177 1 1 1 1 114 210 150 105 105 105 105 105 105 85 84 105 105 105 105 105 105 105 105 105 105 
105 105 105 105 105 105 105 105 105 105 105 105 105 105 105 105 105 105 105 141 1 1 1 1 1 1 1 1 1 1 244 1 1 1 1 229 10 11 11 12 48 48 5 1 1 117 118 1 1 26 3 3 3 27 1 1 1 143 159 152 156 153 168 105 105 131 132 1 1 1 223 1 1 114 119 120 1 1 119 120 210 150 105 105 105 105 105 105 105 85 105 105 105 105 105 105 105 105 105 105 
105 105 105 105 105 105 105 105 105 105 105 105 105 105 105 105 105 105 105 141 1 1 1 1 1 1 1 1 1 1 1 1 1 1 1 229 48 49 48 48 2 3 233 1 1 1 1 1 1 22 23 1 1 1 1 221 212 153 168 105 105 105 105 105 105 141 110 1 1 115 116 1 1 1 121 122 1 1 121 122 210 150 105 105 106 105 105 105 105 105 105 105 105 105 105 105 105 105 105 105 
105 105 105 105 105 105 105 105 105 105 105 105 105 105 105 105 105 105 105 141 1 1 1 1 1 1 1 1 1 1 1 1 1 1 1 231 232 232 232 232 233 1 1 1 246 248 1 1 1 26 27 114 1 114 114 210 150 105 105 105 105 105 105 215 127 217 1 1 1 117 118 1 1 1 1 1 1 1 1 1 210 150 105 129 124 125 126 127 128 105 105 105 105 105 105 105 105 105 105 105 
105 105 105 105 105 105 105 105 105 105 105 105 105 105 105 105 105 215 137 214 1 1 1 53 1 1 244 1 1 1 53 1 1 1 1 1 1 1 1 1 1 1 1 1 240 1 1 1 1 1 114 1 1 1 114 1 150 105 105 105 84 105 105 131 108 1 1 1 1 1 1 1 1 1 234 8 8 228 1 1 1 136 137 138 1 1 1 1 136 128 105 105 105 105 105 105 105 105 105 105 
105 105 105 105 105 105 105 105 105 105 105 105 105 105 105 105 105 131 1 1 1 1 1 1 1 1 1 1 245 1 1 238 1 1 1 1 1 1 1 1 1 252 1 1 1 1 146 146 148 143 144 145 1 1 211 159 161 105 215 127 127 127 127 217 1 1 1 1 1 1 1 1 1 1 6 48 48 230 1 1 1 1 1 1 1 1 1 1 210 150 105 106 105 105 105 105 105 105 105 105 
105 105 105 105 105 105 105 105 105 105 105 105 105 105 105 105 105 141 1 1 1 1 253 254 255 256 242 1 1 1 1 1 1 1 246 1 1 1 1 1 1 1 1 1 143 159 152 156 152 153 154 155 68 69 212 161 105 105 131 1 1 1 1 1 1 1 1 115 116 1 1 1 1 234 9 48 2 233 1 1 1 1 1 1 1 1 1 1 210 150 105 105 105 105 105 105 105 105 105 105 
105 105 105 105 105 105 105 105 105 105 105 105 105 105 105 105 105 141 1 1 1 1 257 258 259 260 1 1 1 1 1 1 1 1 1 1 1 1 1 1 1 148 143 159 153 168 162 163 162 106 105 105 73 74 168 105 105 105 141 1 1 1 1 1 1 1 1 117 118 1 1 1 234 9 48 48 230 1 1 1 114 1 242 1 1 1 1 211 159 209 105 105 105 105 105 105 105 105 105 105 
105 105 105 105 105 105 105 105 105 105 105 105 105 105 105 105 105 141 1 1 1 1 1 1 1 1 1 1 1 1 1 1 1 1 1 1 1 1 1 1 143 159 153 168 105 215 127 127 127 130 105 105 90 91 105 105 105 129 217 1 1 1 1 1 114 1 1 1 1 1 1 1 229 48 48 2 233 1 1 1 1 114 1 1 1 148 143 212 209 105 105 105 105 105 105 105 105 105 105 105 
105 105 105 105 105 105 105 105 105 105 105 105 105 105 105 105 105 141 1 1 1 1 1 1 1 1 1 1 1 1 1 1 1 146 146 146 146 146 143 159 153 168 105 105 105 131 132 1 1 139 140 105 90 91 105 105 219 138 1 1 1 1 1 1 1 1 1 1 1 1 1 1 229 48 2 233 1 1 1 1 243 114 1 1 1 212 153 168 105 105 105 105 105 105 105 105 105 105 105 105 
105 105 105 105 105 105 105 105 105 105 105 105 105 105 105 105 105 151 157 146 146 146 143 144 145 1 1 1 1 1 1 143 159 152 156 152 156 152 153 168 106 106 105 105 105 141 1 1 1 50 136 127 78 79 127 137 138 1 1 1 1 1 170 1 1 1 1 1 1 1 1 1 229 48 230 1 1 1 1 1 1 1 1 1 210 150 105 105 105 105 105 105 105 105 105 105 105 105 105 105 
105 105 105 105 105 105 105 105 105 105 105 105 105 105 105 105 105 105 166 152 156 156 153 154 155 157 146 146 146 143 159 153 168 162 162 162 165 162 163 105 105 105 105 105 105 141 1 1 1 1 1 1 83 89 135 134 1 1 1 1 1 171 1 1 1 1 1 1 1 1 1 234 9 48 230 1 1 1 1 1 1 1 1 1 210 150 105 105 105 105 105 105 105 105 105 105 105 105 105 105 
105 105 105 105 105 105 105 105 105 105 105 105 105 105 105 105 105 105 105 105 105 105 163 105 105 166 152 156 152 153 168 105 105 105 105 105 105 105 105 105 105 84 105 105 105 141 1 1 1 1 1 1 1 1 234 8 8 228 1 174 1 1 1 1 1 1 1 1 1 1 234 9 48 48 230 1 253 254 255 256 1 1 1 1 210 150 105 105 105 105 105 105 105 105 105 105 105 105 105 105 
105 105 105 105 105 105 105 105 105 105 105 105 105 105 105 105 105 105 105 105 105 105 85 105 105 105 162 165 162 162 105 105 105 105 105 105 105 105 105 105 105 105 105 105 219 214 1 1 1 1 1 1 1 1 6 48 48 7 8 228 1 1 1 1 1 234 8 8 8 8 9 48 48 2 233 1 257 258 259 260 1 1 1 1 210 150 105 105 105 105 105 105 105 105 105 105 105 105 105 105 
105 105 105 105 105 105 105 105 105 105 105 105 105 105 105 105 105 105 105 105 105 105 105 86 105 105 129 130 123 127 130 130 128 105 105 105 105 105 105 105 105 105 105 219 138 1 1 1 1 119 120 1 1 1 231 232 4 48 48 7 228 1 1 1 234 9 48 48 48 48 48 2 232 233 1 1 1 1 1 1 1 1 1 1 210 150 105 105 105 105 105 105 105 105 105 105 105 105 105 105 
105 105 105 105 105 105 105 105 105 105 105 105 105 105 105 105 105 105 105 215 124 126 127 127 127 137 138 1 1 1 1 1 136 127 123 127 124 125 126 124 125 126 124 138 1 1 1 1 1 121 122 1 1 1 1 1 231 232 4 48 7 227 227 228 6 48 2 3 3 3 3 233 1 1 1 1 119 120 1 248 1 1 1 1 210 150 105 105 105 105 105 105 105 105 105 105 105 105 105 105 
105 105 105 105 105 105 105 105 105 105 105 105 105 105 105 105 105 129 137 214 1 1 1 1 1 1 1 1 1 1 1 1 1 1 1 1 1 1 1 1 1 1 1 1 1 1 1 1 1 1 1 1 1 1 173 1 1 1 229 48 48 48 48 7 9 48 5 1 1 1 1 1 1 1 1 1 121 122 1 1 1 1 1 221 212 161 105 105 105 105 105 105 105 105 105 105 105 105 105 105 
105 105 105 105 105 105 105 105 105 105 105 105 105 105 105 105 106 216 1 1 1 1 1 1 1 1 1 1 1 1 1 1 1 1 1 1 1 1 1 1 1 1 1 1 1 1 1 1 1 1 1 1 1 1 1 1 1 1 231 232 232 232 4 48 48 48 5 1 1 1 1 1 1 1 1 1 1 1 1 1 1 1 1 210 150 105 105 105 105 105 105 105 105 105 105 105 105 105 105 105 
105 105 105 105 105 105 105 105 105 105 105 105 105 84 105 105 129 217 1 1 1 1 1 1 1 1 1 1 1 1 1 1 1 171 1 1 1 1 1 1 1 1 1 1 1 1 1 114 1 1 1 1 1 1 1 1 1 1 1 1 1 1 231 4 49 2 233 1 1 1 1 1 114 1 250 1 1 1 1 1 1 1 1 210 150 105 106 105 105 105 105 105 105 105 105 105 105 105 105 105 
105 105 105 105 105 105 105 105 105 105 105 105 105 105 215 137 138 1 1 1 1 1 1 114 114 1 1 1 1 1 1 1 1 173 1 1 1 1 1 1 1 1 1 1 1 1 1 1 114 1 1 1 177 1 1 1 1 1 1 1 1 1 234 9 48 230 1 1 1 1 1 1 114 1 1 1 1 1 1 1 1 1 1 1 136 127 127 127 127 127 128 105 105 105 105 105 105 105 105 105 
105 105 105 105 105 105 105 105 105 105 105 215 127 137 214 1 1 1 244 1 1 1 1 114 1 246 1 1 1 1 1 1 1 1 170 1 1 252 1 1 1 1 1 1 1 1 114 114 1 1 1 1 1 1 1 1 1 1 1 1 234 227 9 48 2 233 1 1 1 1 1 1 114 1 1 1 1 1 1 1 1 1 1 1 1 1 1 1 1 139 150 105 105 105 105 105 105 105 105 105 
105 105 105 105 105 105 105 105 105 105 105 131 133 1 1 1 1 1 1 1 119 120 1 1 1 1 1 1 1 1 1 1 1 1 1 1 1 1 1 1 1 1 1 1 1 1 114 1 1 1 1 1 1 1 1 175 1 1 1 1 6 48 2 232 233 1 1 1 1 115 116 1 1 1 1 1 1 1 1 1 1 1 1 1 1 1 1 1 1 210 150 105 105 105 105 105 105 105 105 105 
105 105 105 105 105 105 105 105 105 105 105 141 1 1 1 1 1 1 1 1 121 122 1 1 247 1 1 250 1 1 1 234 8 8 8 8 8 8 8 228 1 1 1 1 1 1 1 234 8 8 8 8 23 1 1 1 1 22 8 8 9 48 230 1 1 1 1 1 1 117 118 1 1 223 1 1 1 1 1 1 1 1 1 1 1 1 1 1 1 210 150 105 105 105 105 105 105 105 105 105 
105 105 105 105 105 105 84 105 105 105 105 141 1 1 1 1 1 1 1 1 1 1 1 1 1 1 1 1 1 1 234 9 48 48 48 48 48 48 48 7 228 1 1 234 227 227 227 9 48 48 48 48 7 23 1 22 8 9 48 48 48 2 233 1 1 1 1 1 1 1 170 1 1 1 1 114 1 1 1 1 1 1 1 1 1 1 1 1 148 149 150 105 105 105 105 105 105 105 105 105 
105 105 105 105 105 105 105 105 105 105 105 141 1 1 1 1 1 1 1 1 1 1 1 1 1 1 1 1 1 1 6 48 2 3 3 3 3 3 4 48 7 227 227 9 48 48 48 49 48 2 4 48 48 7 23 6 48 48 48 48 2 233 1 1 1 1 1 1 1 1 1 1 114 1 1 1 1 1 1 1 221 159 152 156 156 156 157 158 159 160 161 105 105 105 105 105 105 105 105 105 
105 105 105 105 105 105 105 105 105 105 105 141 1 1 1 1 1 1 242 1 1 249 1 1 1 115 116 1 1 1 231 3 233 1 1 1 1 1 231 4 48 48 48 48 48 2 232 232 232 233 26 4 48 48 5 6 48 2 3 3 233 1 1 1 1 1 1 1 1 1 1 1 1 1 1 1 1 1 1 1 210 150 105 105 105 105 166 167 168 105 105 105 105 105 105 105 105 105 105 105 
105 105 105 105 105 105 105 105 86 105 105 141 1 1 1 1 1 1 1 1 1 1 1 1 1 117 118 1 1 1 1 1 1 1 1 1 1 1 1 231 232 232 232 232 232 233 1 1 1 1 1 26 4 48 7 9 48 5 1 176 1 1 1 1 1 1 1 1 1 1 1 1 1 1 1 1 1 1 252 1 210 150 105 105 105 105 105 105 105 105 105 105 105 105 105 105 105 105 105 105 
105 105 105 105 105 105 105 105 105 105 105 141 1 1 1 1 1 1 1 1 1 1 1 1 1 1 1 1 1 1 249 1 115 116 1 1 251 1 1 1 1 1 1 1 1 1 1 1 1 1 1 1 26 4 48 48 49 5 1 1 1 1 1 1 1 1 1 1 1 1 1 1 1 1 1 1 1 1 1 1 210 150 105 105 105 105 105 105 105 105 105 105 105 105 105 105 105 105 105 105 
105 105 105 105 105 105 105 105 105 105 105 151 157 143 144 145 1 1 1 1 1 1 1 1 1 1 1 1 1 1 1 1 117 118 1 1 1 1 1 1 115 116 1 1 1 1 1 1 1 1 1 1 22 9 2 232 3 27 1 1 1 1 1 1 1 1 1 1 1 1 1 1 1 1 1 1 1 1 1 1 210 150 105 105 105 105 105 105 105 105 105 105 105 105 105 105 105 105 105 105 
105 105 105 105 105 105 105 105 105 105 105 105 166 167 154 155 157 1 1 1 1 1 1 1 1 1 1 1 115 116 1 1 1 1 1 1 1 1 1 1 117 118 1 1 235 1 1 1 1 22 8 8 9 48 5 1 1 1 1 1 1 1 1 1 1 1 1 1 1 1 1 1 1 148 143 144 145 1 1 1 149 150 105 105 105 105 105 105 105 105 105 105 105 105 105 105 105 105 105 105 
105 105 105 105 105 105 105 105 105 105 105 105 105 105 105 106 216 1 1 1 1 50 1 1 1 1 51 1 117 118 1 1 1 1 1 1 115 116 1 1 1 1 1 1 1 1 1 1 172 6 48 48 48 49 5 1 1 1 1 1 1 1 1 1 1 119 120 1 1 1 1 1 221 212 153 154 155 157 158 159 160 161 105 105 105 105 105 105 105 105 105 105 105 105 105 105 105 105 105 105 
105 105 105 105 105 105 105 105 105 105 105 105 105 105 105 105 141 1 1 1 1 1 1 1 1 1 1 1 1 52 1 1 53 1 1 1 117 118 1 1 1 1 1 1 1 1 1 1 1 6 48 2 3 3 233 1 1 1 1 1 1 1 1 1 1 121 122 1 1 1 1 1 210 150 105 105 105 166 167 168 105 105 105 105 105 105 105 105 105 105 105 105 105 105 105 105 105 105 105 105 
105 105 105 105 105 105 105 105 105 105 105 105 105 105 105 105 141 1 1 50 1 1 1 53 1 1 1 1 1 114 1 1 1 1 1 1 1 1 1 115 116 1 1 1 1 1 1 1 1 231 3 233 1 1 1 1 1 1 1 249 1 1 249 1 1 1 1 1 1 1 1 1 210 150 105 105 105 105 105 105 105 105 105 105 105 105 105 105 105 105 105 105 105 105 105 105 105 105 105 105 
105 105 105 105 105 105 105 105 105 105 105 105 105 105 105 105 141 1 1 1 1 107 109 1 1 1 1 51 1 1 1 1 110 146 146 146 1 1 1 117 118 1 1 1 1 1 1 1 1 148 68 69 146 146 1 1 1 1 1 1 1 1 1 1 1 1 1 1 1 1 177 1 210 150 105 105 105 105 105 105 105 105 105 105 105 105 105 105 105 105 105 105 105 105 105 105 105 105 105 105 
105 105 105 105 105 105 105 105 105 105 105 105 105 105 105 105 141 142 146 146 143 144 145 146 146 143 144 145 146 143 144 145 143 159 152 156 157 1 1 1 1 1 1 1 1 148 147 146 143 159 90 74 152 152 157 1 1 1 1 1 1 1 1 1 1 1 1 1 1 1 1 1 1 150 105 105 105 105 105 105 105 105 105 105 105 105 105 105 105 105 105 105 105 105 105 105 105 105 105 105 
105 105 105 105 105 105 105 105 105 105 105 84 105 105 105 105 151 152 156 152 153 154 155 152 156 153 154 155 156 153 154 155 153 168 162 163 141 1 1 1 1 1 1 1 221 212 152 156 153 168 73 74 105 105 166 226 147 1 1 1 1 1 239 1 1 1 1 1 1 1 1 1 1 150 105 105 106 105 105 105 105 105 105 105 105 105 105 105 105 105 105 105 105 105 105 105 105 105 105 105 
105 105 105 105 105 105 105 105 105 105 105 105 105 86 105 106 105 105 105 105 163 105 105 105 105 105 105 105 105 105 84 105 105 105 105 105 141 1 1 1 1 1 1 224 210 150 105 105 105 105 73 74 105 84 105 166 226 147 1 1 1 1 1 1 1 1 1 143 144 145 146 146 149 150 105 105 105 106 129 127 127 128 105 105 105 105 105 105 105 105 105 105 105 105 105 105 105 105 105 105 
105 105 105 105 105 105 105 105 105 105 105 105 86 105 105 106 215 123 127 127 127 127 127 127 127 127 130 105 105 105 105 105 105 105 105 105 141 142 146 146 146 146 146 146 149 150 105 105 105 105 73 74 105 105 105 105 166 226 1 1 1 1 1 1 1 143 159 153 154 155 152 152 160 161 105 105 105 219 138 1 1 136 127 127 128 105 105 105 105 105 105 105 105 105 105 105 105 105 105 105 
105 105 105 105 105 105 105 105 105 105 105 105 105 105 105 105 131 132 133 135 135 135 135 135 135 135 139 140 105 105 105 105 105 105 105 105 151 152 152 156 152 156 152 156 160 161 105 105 85 105 73 74 105 86 105 105 105 166 226 1 1 1 221 159 156 153 168 105 105 105 162 162 162 105 105 129 137 138 1 1 1 1 1 1 136 128 105 105 105 105 105 105 105 105 105 105 105 105 105 105 
105 105 105 105 105 105 105 105 105 105 105 105 105 105 105 105 141 1 1 1 1 1 1 1 1 1 134 136 123 127 123 127 123 130 128 105 105 105 105 105 105 105 105 105 105 105 105 105 105 105 73 74 105 105 105 105 105 105 166 226 146 146 149 150 162 105 105 105 105 105 105 105 105 129 137 138 1 1 1 1 1 1 1 1 1 136 128 105 105 105 105 105 105 105 105 105 105 105 105 105 
105 105 105 105 105 105 105 105 105 105 105 105 105 105 105 105 141 1 1 1 1 1 1 1 1 1 1 1 135 135 135 135 135 139 150 105 105 105 105 105 84 105 105 105 85 105 105 105 87 105 73 74 105 105 105 105 105 105 105 166 152 152 156 161 105 105 105 123 127 123 123 127 137 138 1 1 1 1 1 1 1 1 1 1 238 1 136 128 105 105 105 105 105 105 105 105 105 105 105 105 
105 105 105 105 105 105 105 105 105 105 105 105 105 105 105 215 217 1 1 1 240 1 1 1 1 1 1 1 1 1 1 1 1 1 136 123 127 127 128 105 105 105 105 105 105 105 105 105 105 105 73 74 105 105 105 105 105 105 105 105 162 162 162 105 105 105 131 132 135 135 135 135 1 1 1 1 1 234 8 228 1 1 1 1 1 1 1 136 128 105 105 105 105 105 105 105 105 105 105 105 
105 105 105 105 105 105 105 105 105 105 105 105 129 127 137 214 1 1 1 1 1 1 1 1 1 1 1 1 1 1 1 1 1 1 1 1 1 139 150 105 129 127 123 128 105 105 105 105 85 105 73 74 105 84 105 105 105 105 129 130 128 105 105 105 106 219 138 1 1 1 1 1 1 1 1 1 1 6 48 7 228 1 1 1 1 1 1 1 136 128 105 105 105 105 105 105 105 105 105 105 
105 105 105 105 105 105 105 105 105 105 105 105 216 1 1 1 1 1 1 1 1 1 1 1 252 1 1 1 1 1 1 1 1 1 1 1 1 1 136 137 138 1 1 136 128 105 105 105 105 105 73 74 105 105 105 105 105 219 138 1 136 127 127 127 124 138 1 1 1 1 1 1 1 1 1 1 1 6 48 48 5 1 1 1 1 114 1 1 210 150 105 105 105 105 105 105 105 105 105 105 
105 105 105 105 105 105 105 105 105 105 105 129 217 1 1 1 1 1 1 1 1 1 1 1 119 120 1 1 1 1 1 1 1 1 1 1 1 1 1 1 1 1 1 1 136 128 105 105 105 105 73 74 105 105 105 105 219 138 1 1 1 135 135 135 135 1 1 1 1 1 1 1 1 1 247 1 1 231 4 48 7 228 1 1 1 1 1 1 210 150 105 105 105 105 105 105 105 105 105 105 
105 105 105 105 105 105 105 105 105 105 219 138 1 1 1 235 1 1 1 1 1 1 1 1 121 122 1 1 1 1 1 1 1 1 1 1 1 1 1 1 1 1 1 1 1 136 127 123 127 127 73 74 124 125 126 137 138 1 1 1 1 1 1 1 1 1 1 1 1 1 1 248 186 187 188 1 1 1 6 48 48 7 8 228 1 1 1 1 210 150 105 105 105 105 105 105 105 105 105 105 
105 105 105 105 105 105 105 105 105 106 220 1 1 1 1 1 1 234 8 8 8 8 8 8 8 228 1 1 113 1 1 1 1 1 1 1 1 1 1 1 1 1 1 114 1 1 135 135 135 135 83 89 133 108 1 135 1 1 1 1 180 181 1 1 1 1 1 1 1 1 1 189 190 191 192 1 1 1 231 4 48 48 49 5 1 1 1 143 144 150 105 105 105 105 105 105 105 105 105 105 
105 105 105 105 105 105 105 105 105 105 216 1 1 1 1 1 1 6 48 48 48 48 48 48 48 7 228 1 1 1 1 1 1 1 1 1 1 1 1 1 1 1 1 114 114 1 114 234 8 8 8 8 8 228 1 114 1 1 1 1 178 179 1 1 1 1 1 1 1 1 1 193 194 195 196 1 1 1 1 231 3 3 3 233 221 159 156 153 154 222 105 105 105 105 105 105 105 105 105 105 
105 105 105 105 105 105 105 105 105 105 141 64 1 1 1 1 1 231 3 3 3 3 3 3 4 48 7 228 1 1 1 1 1 234 8 8 8 8 228 1 1 1 1 1 1 114 234 9 48 48 48 48 48 7 228 1 1 1 1 1 1 1 111 1 1 1 1 1 1 1 1 197 198 199 200 1 1 1 1 1 1 1 1 1 210 150 105 105 105 105 105 105 105 105 105 105 105 105 105 105 
105 105 105 105 105 105 105 105 105 105 141 1 1 1 1 251 1 1 1 1 1 1 1 1 231 4 48 5 1 109 234 8 8 9 48 48 48 48 7 8 228 1 1 1 1 234 9 48 48 48 48 48 48 48 7 228 1 1 1 1 1 1 1 1 1 1 238 1 1 1 1 201 202 203 204 1 1 1 1 1 1 1 22 23 210 150 105 105 105 105 105 105 105 105 105 105 105 105 105 105 
105 105 105 105 105 105 105 105 105 105 141 1 1 1 1 1 1 1 1 1 1 1 1 1 1 6 48 7 228 234 9 49 48 2 3 3 3 3 4 48 7 228 1 1 1 6 48 48 48 48 48 48 48 48 48 7 8 228 1 1 1 1 1 1 1 1 1 1 1 1 235 205 206 207 208 1 1 1 1 1 1 1 26 27 1 136 127 128 105 105 105 105 105 105 105 105 105 105 105 105 
105 105 105 105 105 105 105 105 105 105 141 64 1 1 1 1 1 1 1 1 119 120 1 1 1 231 4 48 7 9 48 48 2 233 1 1 1 1 231 4 48 7 8 228 1 6 48 48 48 48 48 48 48 48 48 48 48 7 228 1 1 1 1 1 1 1 1 1 1 1 1 1 1 1 1 1 234 8 8 8 228 1 1 1 1 1 1 136 127 127 127 128 105 105 105 105 105 105 105 105 
105 105 105 105 105 105 105 105 105 129 217 1 1 1 1 1 1 1 1 1 121 122 1 1 1 1 231 3 3 3 3 3 233 1 1 1 1 1 1 231 4 48 48 7 8 9 48 48 48 48 48 48 48 48 48 48 48 48 7 8 228 1 1 175 1 1 1 1 1 1 1 1 1 1 234 8 9 48 48 48 5 1 1 1 1 1 1 1 133 133 139 150 105 105 105 105 105 105 105 105 
105 105 105 105 105 105 105 105 105 216 64 1 1 1 1 1 1 1 1 1 1 1 1 1 1 1 1 1 1 1 1 1 1 1 246 1 1 1 1 1 231 4 48 48 48 48 48 48 48 48 48 48 48 48 2 3 4 48 48 48 7 8 8 8 8 228 1 1 1 1 1 1 1 234 9 48 48 48 2 3 233 1 1 1 241 1 1 1 1 1 210 150 105 105 105 105 105 105 105 105 
105 105 105 105 105 105 105 105 105 141 142 143 144 145 147 1 1 1 1 1 1 1 1 1 1 1 1 1 1 1 1 115 116 1 1 1 1 1 1 1 1 231 3 3 3 3 4 48 48 48 48 48 48 2 233 1 231 3 4 48 48 48 48 48 48 7 8 228 1 1 1 1 234 9 48 48 2 3 233 1 1 1 1 1 1 1 1 1 1 148 143 150 105 105 105 105 105 105 105 105 
105 105 105 105 105 105 105 105 105 151 152 153 154 155 157 1 1 1 1 1 1 1 1 1 1 1 1 1 1 1 1 117 118 245 1 1 1 1 1 1 1 1 1 1 1 1 231 4 48 48 48 48 2 233 1 1 1 1 231 3 3 3 3 4 48 48 48 7 8 8 8 8 9 48 2 3 233 1 1 1 1 1 1 1 1 1 1 148 211 159 153 222 105 105 105 105 105 105 105 105 
105 105 105 105 105 105 105 105 105 105 105 105 105 105 216 1 1 1 1 253 254 255 256 1 1 1 1 1 1 1 1 1 1 1 1 1 1 1 1 1 1 175 1 1 1 1 1 231 3 3 3 3 233 1 1 1 1 1 1 1 1 1 1 231 3 4 48 48 48 48 48 48 48 48 5 1 1 1 1 143 144 145 1 1 1 1 143 159 153 222 105 105 105 105 105 105 105 105 105 105 
105 105 105 105 105 105 105 105 105 105 105 105 105 105 141 1 1 1 1 257 258 259 260 1 1 1 1 1 1 1 1 1 1 1 1 1 1 1 1 1 1 1 115 116 1 1 1 1 1 1 114 1 1 1 115 116 1 1 1 1 1 172 1 1 1 231 3 3 3 3 3 3 3 3 233 1 221 212 152 153 154 155 156 157 158 159 153 168 105 105 105 105 105 105 105 105 105 105 105 105 
105 105 105 105 105 105 105 105 105 105 105 105 105 105 141 1 1 1 1 1 1 1 1 1 1 1 1 1 1 1 1 1 1 1 1 1 1 1 1 1 1 1 117 118 1 1 1 1 1 1 1 1 1 1 117 118 1 1 111 1 1 1 1 1 1 1 1 1 1 1 1 1 1 1 1 1 210 150 105 105 105 105 105 166 167 168 105 105 105 105 105 105 105 105 105 105 105 105 105 105 
105 105 105 105 105 105 105 105 105 105 105 105 105 105 141 1 1 1 1 1 1 1 1 1 1 1 1 146 146 146 146 146 146 146 146 146 146 146 146 146 146 1 1 1 1 1 1 1 1 1 1 1 1 251 1 1 1 1 1 1 1 1 1 1 249 1 1 1 1 1 1 1 115 116 1 1 210 150 105 105 105 105 105 105 105 105 105 105 105 105 105 105 105 105 105 105 105 105 105 105 
105 105 105 105 105 105 105 105 105 105 105 105 105 105 141 1 1 1 1 1 1 1 1 1 1 221 159 156 152 156 152 156 152 152 152 152 156 152 152 152 152 157 1 1 1 1 1 1 1 1 1 177 1 1 1 1 1 1 1 1 1 1 1 1 1 1 1 1 1 1 1 1 117 118 1 1 210 150 105 105 105 105 105 105 105 105 105 105 105 105 105 105 105 105 105 105 105 105 105 105 
105 105 105 105 105 105 105 105 105 105 105 105 105 105 141 1 1 1 1 1 1 1 1 1 1 210 150 105 105 105 105 105 105 105 105 105 105 105 105 105 105 166 157 1 1 1 1 1 1 1 1 1 1 1 1 1 1 1 1 114 1 1 1 1 1 1 1 115 116 1 1 1 1 1 1 1 210 150 105 105 105 105 105 105 105 105 105 105 105 105 105 105 105 105 105 105 105 105 105 105 
105 105 105 105 105 105 105 105 105 105 105 105 105 105 141 1 1 1 1 1 1 1 1 1 1 210 150 105 105 105 105 105 105 105 105 105 105 105 105 105 105 105 216 1 1 1 1 1 1 1 1 1 1 1 1 1 1 1 1 1 1 1 1 1 1 1 1 117 118 1 1 1 1 1 1 148 143 150 105 105 105 105 105 105 105 105 105 105 105 105 105 105 105 105 105 105 105 105 105 105 
105 105 105 105 105 105 105 105 105 105 105 105 105 105 141 1 1 1 1 1 1 1 1 1 1 210 150 105 105 105 105 105 105 105 105 105 105 105 105 105 105 105 141 1 1 1 1 1 1 148 143 144 145 146 147 146 143 144 145 1 1 1 1 1 1 1 1 1 1 1 1 1 1 148 143 159 153 222 105 105 105 105 105 105 105 105 105 105 105 105 105 105 105 105 105 105 105 105 105 105 
105 105 105 105 105 105 105 105 105 105 105 105 105 105 141 1 1 1 1 1 1 1 1 148 211 159 209 105 105 105 105 105 105 105 105 105 105 105 105 105 105 105 141 146 143 144 145 146 143 159 153 154 155 156 152 152 153 154 155 152 156 152 157 1 1 1 1 1 1 1 1 148 143 212 153 168 105 105 105 105 105 105 105 105 105 105 105 105 105 105 105 105 105 105 105 105 105 105 105 105 
105 105 105 105 105 105 105 105 105 105 105 105 105 105 151 157 148 148 1 1 1 1 143 159 153 168 105 105 105 105 105 105 105 105 105 105 105 105 105 105 105 105 151 152 153 154 155 156 153 168 105 105 105 105 105 105 105 105 105 105 105 105 216 1 1 1 1 1 1 146 211 159 153 168 105 105 105 105 105 105 105 105 105 105 105 105 105 105 105 105 105 105 105 105 105 105 105 105 105 105 
105 105 105 105 105 105 105 105 105 105 105 105 105 105 105 166 152 156 152 156 152 156 153 168 105 105 105 105 105 105 105 105 105 105 105 105 105 105 105 105 105 105 105 105 105 105 105 105 105 105 105 105 105 105 105 105 105 105 105 105 105 105 151 152 156 152 152 152 156 152 153 168 105 105 105 105 105 105 105 105 105 105 105 105 105 105 105 105 105 105 105 105 105 105 105 105 105 105 105 105 
105 105 105 105 105 105 105 105 105 105 105 105 105 105 105 105 105 105 105 105 105 105 105 105 105 105 105 105 105 105 105 105 105 105 105 105 105 105 105 105 105 105 105 105 105 105 105 105 105 105 105 105 105 105 105 105 105 105 105 105 105 105 105 105 105 105 105 105 105 105 105 105 105 105 105 105 105 105 105 105 105 105 105 105 105 105 105 105 105 105 105 105 105 105 105 105 105 105 105 105 
105 105 105 105 105 105 105 105 105 105 105 105 105 105 105 105 105 105 105 105 105 105 105 105 105 105 105 105 105 105 105 105 105 105 105 105 105 105 105 105 105 105 105 105 105 105 105 105 105 105 105 105 105 105 105 105 105 105 105 105 105 105 105 105 105 105 105 105 105 105 105 105 105 105 105 105 105 105 105 105 105 105 105 105 105 105 105 105 105 105 105 105 105 105 105 105 105 105 105 105 
105 105 105 105 105 105 105 105 105 105 105 105 105 105 105 105 105 105 105 105 105 105 105 105 105 105 105 105 105 105 105 105 105 105 105 105 105 105 105 105 105 105 105 105 105 105 105 105 105 105 105 105 105 105 105 105 105 105 105 105 105 105 105 105 105 105 105 105 105 105 105 105 105 105 105 105 105 105 105 105 105 105 105 105 105 105 105 105 105 105 105 105 105 105 105 105 105 105 105 105 
105 105 105 105 105 105 105 105 105 105 105 105 105 105 105 105 105 105 105 105 105 105 105 105 105 105 105 105 105 105 105 105 105 105 105 105 105 105 105 105 105 105 105 105 105 105 105 105 105 105 105 105 105 105 105 105 105 105 105 105 105 105 105 105 105 105 105 105 105 105 105 105 105 105 105 105 105 105 105 105 105 105 105 105 105 105 105 105 105 105 105 105 105 105 105 105 105 105 105 105 
105 105 105 105 105 105 105 105 105 105 105 105 105 105 105 105 105 105 105 105 105 105 105 105 105 105 105 105 105 105 105 105 105 105 105 105 105 105 105 105 105 105 105 105 105 105 105 105 105 105 105 105 105 105 105 105 105 105 105 105 105 105 105 105 105 105 105 105 105 105 105 105 105 105 105 105 105 105 105 105 105 105 105 105 105 105 105 105 105 105 105 105 105 105 105 105 105 105 105 105 
105 105 105 105 105 105 105 105 105 105 105 105 105 105 105 105 105 105 105 105 105 105 105 105 105 105 105 105 105 105 105 105 105 105 105 105 105 105 105 105 105 105 105 105 105 105 105 105 105 105 105 105 105 105 105 105 105 105 105 105 105 105 105 105 105 105 105 105 105 105 105 105 105 105 105 105 105 105 105 105 105 105 105 105 105 105 105 105 105 105 105 105 105 105 105 105 105 105 105 105 
105 105 105 105 105 105 105 105 105 105 105 105 105 105 105 105 105 105 105 105 105 105 105 105 105 105 105 105 105 105 105 105 105 105 105 105 105 105 105 105 105 105 105 105 105 105 105 105 105 105 105 105 105 105 105 105 105 105 105 105 105 105 105 105 105 105 105 105 105 105 105 105 105 105 105 105 105 105 105 105 105 105 105 105 105 105 105 105 105 105 105 105 105 105 105 105 105 105 105 105 
105 105 105 105 105 105 105 105 105 105 105 105 105 105 105 105 105 105 105 105 105 105 105 105 105 105 105 105 105 105 105 105 105 105 105 105 105 105 105 105 105 105 105 105 105 105 105 105 105 105 105 105 105 105 105 105 105 105 105 105 105 105 105 105 105 105 105 105 105 105 105 105 105 105 105 105 105 105 105 105 105 105 105 105 105 105 105 105 105 105 105 105 105 105 105 105 105 105 105 105 
105 105 105 105 105 105 105 105 105 105 105 105 105 105 105 105 105 105 105 105 105 105 105 105 105 105 105 105 105 105 105 105 105 105 105 105 105 105 105 105 105 105 105 105 105 105 105 105 105 105 105 105 105 105 105 105 105 105 105 105 105 105 105 105 105 105 105 105 105 105 105 105 105 105 105 105 105 105 105 105 105 105 105 105 105 105 105 105 105 105 105 105 105 105 105 105 105 105 105 105 
